

. table decil_t0_1 anio, stat(mean attrition)

-------------------------------------------------------------------------------------------
                             |                              anio                           
                             |  2018       2019       2020       2021       2022      Total
-----------------------------+-------------------------------------------------------------
10 quantiles of ingreso_t0_1 |                                                             
  1                          |     .   .4964356   .5483761   .5084593   .4513261    .501004
  2                          |     .   .3011667   .3801867   .3686664   .2770432   .3331936
  3                          |     .   .2023795   .2706084   .2405862   .2023385    .229542
  4                          |     .   .0948333   .1268662    .101787   .1100118   .1084426
  5                          |     .    .069005   .0950669   .0775449   .0678081   .0776313
  6                          |     .   .0542521   .0826567   .0651382   .0587099   .0653666
  7                          |     .   .0499943   .0800609   .0472811   .0469138   .0564946
  8                          |     .   .0488618   .0841696   .0469751   .0463754   .0572657
  9                          |     .    .038219   .0681513   .0358604   .0344569   .0446793
  10                         |     .    .029463   .0594288   .0344821   .0384214   .0403669
  Total                      |     .   .1429834   .1791727   .1616397   .1343993   .1547429
-------------------------------------------------------------------------------------------

. 
end of do-file

. do "C:\Users\ALUMNO~1\AppData\Local\Temp\STD2c1c_000000.tmp"


                            Means of attrition

        10 |
 quantiles |
        of |
ingreso_t0 |                  anio
        _2 |      2019       2020       2021       2022 |     Total
-----------+--------------------------------------------+----------
         1 | .67043406  .72184957  .69153688   .6508715 |  .6849028
         2 | .32324911  .39783815  .38453118  .31615135 | .35651158
         3 | .15982516  .21219264  .21028931  .18996641 | .19272895
         4 |  .1093252   .1478979  .14321893  .11540441 | .12920137
         5 | .08151432   .1229982  .11029257  .09042114 | .10130794
         6 | .08043935  .12186976  .09943236  .08222118 | .09655272
         7 | .06086953  .08949253  .06200182  .05643616 | .06740112
         8 | .05928318  .09924666  .06561899  .05635189 | .07032342
         9 | .05596737  .09648984  .06197015  .05546619 | .06788931
        10 | .04019267  .06999022  .04758905  .04836418 | .05170275
-----------+--------------------------------------------+----------
     Total | .17728161  .21660039  .19118841  .16497384 | .18797323
