

			### MEANS TABLE ###

     +----------------------------------------------------+
     | anio   decil_~1   decil_~2          g1          g2 |
     |----------------------------------------------------|
  1. | 2019          1          1    11.20917     1.30675 |
  2. | 2019          2          2    .3624699    .2108526 |
  3. | 2019          3          3    .1401457    .1822225 |
  4. | 2019          4          4    .1075627    .1570418 |
  5. | 2019          5          5    .0829849    .1455424 |
     |----------------------------------------------------|
  6. | 2019          6          6     .059181    .0889901 |
  7. | 2019          7          7    .0698219    .1128026 |
  8. | 2019          8          8    .0505997    .0819678 |
  9. | 2019          9          9   -.0009801    .0214942 |
 10. | 2019         10         10   -.0905777   -.0576672 |
     |----------------------------------------------------|
 11. | 2020          1          1    5.649374    .8574516 |
 12. | 2020          2          2      .04548     .100678 |
 13. | 2020          3          3    .0053601    .0643747 |
 14. | 2020          4          4   -.0108353    .0380703 |
 15. | 2020          5          5   -.0170562    .0424914 |
     |----------------------------------------------------|
 16. | 2020          6          6   -.0201804    .0124699 |
 17. | 2020          7          7   -.0063673    .0293428 |
 18. | 2020          8          8    .0011444    .0062882 |
 19. | 2020          9          9   -.0218248   -.0453234 |
 20. | 2020         10         10   -.1188617   -.1377598 |
     |----------------------------------------------------|
 21. | 2021          1          1    10.07069     1.05407 |
 22. | 2021          2          2    .2834971    .1672704 |
 23. | 2021          3          3    .1391744    .1221104 |
 24. | 2021          4          4    .1088612     .100302 |
 25. | 2021          5          5    .1151215    .0993436 |
     |----------------------------------------------------|
 26. | 2021          6          6    .0983674    .0855437 |
 27. | 2021          7          7    .1234662    .1041882 |
 28. | 2021          8          8    .1072712    .0885228 |
 29. | 2021          9          9    .1085725    .0596569 |
 30. | 2021         10         10    .0404505   -.0171731 |
     |----------------------------------------------------|
 31. | 2022          1          1    10.29597    1.022899 |
 32. | 2022          2          2    .2200841    .1732555 |
 33. | 2022          3          3    .1435034    .1516293 |
 34. | 2022          4          4    .1210084    .1356519 |
 35. | 2022          5          5    .1159441    .1329909 |
     |----------------------------------------------------|
 36. | 2022          6          6    .0689359    .0955092 |
 37. | 2022          7          7    .1081709     .117026 |
 38. | 2022          8          8    .0760347     .098311 |
 39. | 2022          9          9    .0535492    .0761076 |
 40. | 2022         10         10   -.0293157    .0258333 |
     +----------------------------------------------------+


		        ### REGRESSIONS ###

# With income t0 as last year's income


. asdoc reg g_real_1 ib2020.anio##ib2.decil_t0_1  if ingreso_t0_1 > 10 & anio != 2018, save(${results}/g_real_balanced.doc) ne
> st replace

      Source |       SS           df       MS      Number of obs   = 7,731,030
-------------+----------------------------------   F(39, 7730990)  =   1179.39
       Model |  62249756.6        39  1596147.61   Prob > F        =    0.0000
    Residual |  1.0463e+10 7,730,990  1353.36707   R-squared       =    0.0059
-------------+----------------------------------   Adj R-squared   =    0.0059
       Total |  1.0525e+10 7,731,029  1361.41218   Root MSE        =    36.788

---------------------------------------------------------------------------------
       g_real_1 | Coefficient  Std. err.      t    P>|t|     [95% conf. interval]
----------------+----------------------------------------------------------------
           anio |
          2019  |     .31699   .1182397     2.68   0.007     .0852443    .5487356
          2021  |   .2380171   .1182409     2.01   0.044     .0062691    .4697651
          2022  |   .1746041   .1187103     1.47   0.141    -.0580639    .4072721
                |
     decil_t0_1 |
             1  |   5.603894   .1185494    47.27   0.000     5.371541    5.836247
             3  |  -.0401199     .11824    -0.34   0.734    -.2718661    .1916263
             4  |  -.0563153   .1182396    -0.48   0.634    -.2880606    .1754301
             5  |  -.0625361     .11824    -0.53   0.597    -.2942824    .1692101
             6  |  -.0656604   .1182397    -0.56   0.579     -.297406    .1660853
             7  |  -.0518472   .1182248    -0.44   0.661    -.2835636    .1798691
             8  |  -.0443355   .1182547    -0.37   0.708    -.2761105    .1874394
             9  |  -.0673047   .1182397    -0.57   0.569    -.2990504    .1644409
            10  |  -.1643417   .1182399    -1.39   0.165    -.3960876    .0674042
                |
anio#decil_t0_1 |
       2019  1  |   5.242804   .1679539    31.22   0.000      4.91362    5.571987
       2019  3  |  -.1822043   .1672165    -1.09   0.276    -.5099427    .1455342
       2019  4  |   -.198592   .1672164    -1.19   0.235    -.5263302    .1291463
       2019  5  |  -.2169489   .1670123    -1.30   0.194    -.5442871    .1103893
       2019  6  |  -.2376285   .1674243    -1.42   0.156    -.5657743    .0905172
       2019  7  |  -.2408008   .1671453    -1.44   0.150    -.5683997    .0867981
       2019  8  |  -.2675347   .1671349    -1.60   0.109    -.5951131    .0600437
       2019  9  |  -.2961453    .167371    -1.77   0.077    -.6241865    .0318959
       2019 10  |   -.288706   .1672166    -1.73   0.084    -.6164446    .0390327
       2021  1  |   4.183297   .1677649    24.94   0.000     3.854484     4.51211
       2021  3  |  -.1042027   .1672175    -0.62   0.533    -.4319431    .2235376
       2021  4  |  -.1183206   .1672172    -0.71   0.479    -.4460604    .2094191
       2021  5  |  -.1058394   .1672176    -0.63   0.527      -.43358    .2219012
       2021  6  |  -.1194693   .1672173    -0.71   0.475    -.4472093    .2082706
       2021  7  |  -.1081836   .1672066    -0.65   0.518    -.4359026    .2195353
       2021  8  |  -.1318904   .1672276    -0.79   0.430    -.4596504    .1958697
       2021  9  |  -.1076199   .1672177    -0.64   0.520    -.4353607    .2201209
       2021 10  |  -.0787049   .1672175    -0.47   0.638    -.4064452    .2490355
       2022  1  |    4.47199   .1678118    26.65   0.000     4.143085    4.800895
       2022  3  |  -.0364608   .1675497    -0.22   0.828    -.3648521    .2919305
       2022  4  |  -.0427604   .1675495    -0.26   0.799    -.3711516    .2856307
       2022  5  |  -.0416039   .1675499    -0.25   0.804    -.3699956    .2867879
       2022  6  |  -.0854879   .1675495    -0.51   0.610     -.413879    .2429033
       2022  7  |   -.060066    .167539    -0.36   0.720    -.3884364    .2683045
       2022  8  |  -.0997139   .1675599    -0.60   0.552    -.4281253    .2286975
       2022  9  |  -.0992301   .1675498    -0.59   0.554    -.4276217    .2291614
       2022 10  |  -.0850581   .1675498    -0.51   0.612    -.4134496    .2433335
                |
          _cons |     .04548   .0836079     0.54   0.586    -.1183885    .2093485
---------------------------------------------------------------------------------



# With income t0 as the average of the three last years


. asdoc reg g_real_2 ib2020.anio##ib2.decil_t0_2  if ingreso_t0_2 > 10 & anio != 2018, save(${results}/g_real_2_balanced) nest
>  replace

      Source |       SS           df       MS      Number of obs   = 7,241,708
-------------+----------------------------------   F(39, 7241668)  =    379.52
       Model |  667586.272        39  17117.5967   Prob > F        =    0.0000
    Residual |   326627256 7,241,668  45.1038706   R-squared       =    0.0020
-------------+----------------------------------   Adj R-squared   =    0.0020
       Total |   327294843 7,241,707   45.195814   Root MSE        =    6.7159

---------------------------------------------------------------------------------
       g_real_2 | Coefficient  Std. err.      t    P>|t|     [95% conf. interval]
----------------+----------------------------------------------------------------
           anio |
          2019  |   .1101746   .0231617     4.76   0.000     .0647785    .1555707
          2021  |   .0665924   .0221121     3.01   0.003     .0232535    .1099313
          2022  |   .0725775   .0221121     3.28   0.001     .0292386    .1159165
                |
     decil_t0_2 |
             1  |   .7567736    .022628    33.44   0.000     .7124234    .8011237
             3  |  -.0363033   .0226264    -1.60   0.109    -.0806502    .0080436
             4  |  -.0626078   .0226264    -2.77   0.006    -.1069547   -.0182608
             5  |  -.0581866   .0226264    -2.57   0.010    -.1025336   -.0138397
             6  |  -.0882081   .0226264    -3.90   0.000     -.132555   -.0438612
             7  |  -.0713352   .0226264    -3.15   0.002    -.1156821   -.0269883
             8  |  -.0943898   .0226264    -4.17   0.000    -.1387367   -.0500429
             9  |  -.1460014   .0226264    -6.45   0.000    -.1903483   -.1016545
            10  |  -.2384378   .0226264   -10.54   0.000    -.2827848   -.1940909
                |
anio#decil_t0_2 |
       2019  1  |    .339124   .0327615    10.35   0.000     .2749128    .4033353
       2019  3  |   .0076732   .0327556     0.23   0.815    -.0565266     .071873
       2019  4  |   .0087969   .0327519     0.27   0.788    -.0553956    .0729895
       2019  5  |  -.0071235   .0327593    -0.22   0.828    -.0713306    .0570836
       2019  6  |  -.0336544   .0327556    -1.03   0.304    -.0978542    .0305454
       2019  7  |  -.0267148   .0327556    -0.82   0.415    -.0909146     .037485
       2019  8  |   -.034495   .0327556    -1.05   0.292    -.0986948    .0297048
       2019  9  |   -.043357   .0327556    -1.32   0.186    -.1075568    .0208428
       2019 10  |   -.030082   .0327557    -0.92   0.358    -.0942819    .0341179
       2021  1  |   .1300261   .0312748     4.16   0.000     .0687287    .1913236
       2021  3  |  -.0088567   .0312712    -0.28   0.777    -.0701472    .0524338
       2021  4  |  -.0043606   .0312712    -0.14   0.889    -.0656511    .0569299
       2021  5  |  -.0097402   .0312713    -0.31   0.755    -.0710307    .0515504
       2021  6  |   .0064814   .0312534     0.21   0.836    -.0547741    .0677368
       2021  7  |    .008253   .0312893     0.26   0.792    -.0530729    .0695789
       2021  8  |   .0156422   .0312712     0.50   0.617    -.0456483    .0769327
       2021  9  |   .0383879   .0312712     1.23   0.220    -.0229026    .0996784
       2021 10  |   .0539943   .0312713     1.73   0.084    -.0072963    .1152849
       2022  1  |   .0928694   .0312747     2.97   0.003     .0315722    .1541666
       2022  3  |   .0146771   .0312712     0.47   0.639    -.0466134    .0759676
       2022  4  |   .0250042   .0312712     0.80   0.424    -.0362864    .0862947
       2022  5  |    .017922   .0312713     0.57   0.567    -.0433686    .0792125
       2022  6  |   .0104617   .0312519     0.33   0.738    -.0507908    .0717143
       2022  7  |   .0151057   .0312908     0.48   0.629    -.0462232    .0764346
       2022  8  |   .0194452   .0312518     0.62   0.534    -.0418071    .0806976
       2022  9  |   .0488534   .0312909     1.56   0.118    -.0124756    .1101825
       2022 10  |   .0910156   .0312713     2.91   0.004      .029725    .1523062
                |
          _cons |    .100678   .0159993     6.29   0.000       .06932     .132036
---------------------------------------------------------------------------------


