
			### MEANS TABLE ###

     +----------------------------------------------------+
     | anio   decil_~1   decil_~2          g1          g2 |
     |----------------------------------------------------|
  1. | 2019          1          1    28.84159    2.115793 |
  2. | 2019          2          2    1.375492    .1750822 |
  3. | 2019          3          3    .3867613    .1122837 |
  4. | 2019          4          4    .0669098    .1089893 |
  5. | 2019          5          5    .0555402    .1013588 |
     |----------------------------------------------------|
  6. | 2019          6          6    .0414408    .0706269 |
  7. | 2019          7          7    .0314685    .0746844 |
  8. | 2019          8          8     .027961    .0505568 |
  9. | 2019          9          9   -.0131976    -.010552 |
 10. | 2019         10         10   -.1071591   -.0852812 |
     |----------------------------------------------------|
 11. | 2020          1          1     13.6836    .7610722 |
 12. | 2020          2          2    .8670618     .029642 |
 13. | 2020          3          3    .2038278   -.0169163 |
 14. | 2020          4          4   -.0524987   -.0185237 |
 15. | 2020          5          5   -.0531417   -.0143585 |
     |----------------------------------------------------|
 16. | 2020          6          6   -.0561413   -.0226272 |
 17. | 2020          7          7   -.0509861   -.0109941 |
 18. | 2020          8          8   -.0387198   -.0190606 |
 19. | 2020          9          9   -.0334926   -.0746228 |
 20. | 2020         10         10   -.1201691   -.1573986 |
     |----------------------------------------------------|
 21. | 2021          1          1    24.74563    .9959419 |
 22. | 2021          2          2    1.658534    .1218897 |
 23. | 2021          3          3     .533794    .0763008 |
 24. | 2021          4          4    .1555659     .068701 |
 25. | 2021          5          5    .1044493    .0652609 |
     |----------------------------------------------------|
 26. | 2021          6          6     .090411    .0615912 |
 27. | 2021          7          7    .0992945    .0831373 |
 28. | 2021          8          8    .1006036    .0669815 |
 29. | 2021          9          9    .0940289    .0378788 |
 30. | 2021         10         10    .0489213   -.0249397 |
     |----------------------------------------------------|
 31. | 2022          1          1    25.99646    1.364779 |
 32. | 2022          2          2    2.066644    .2519592 |
 33. | 2022          3          3    .5641463    .1773092 |
 34. | 2022          4          4    .1773339    .1518763 |
 35. | 2022          5          5    .1513923     .151303 |
     |----------------------------------------------------|
 36. | 2022          6          6    .1318312    .1029497 |
 37. | 2022          7          7    .0910436    .1351727 |
 38. | 2022          8          8    .1071093    .1057895 |
 39. | 2022          9          9    .0646592    .0787892 |
 40. | 2022         10         10   -.0181144    .0343467 |
     +----------------------------------------------------+

			### REGRESSIONS ###

# t0 is last year's income

. asdoc reg g_real_1 ib2020.anio##ib2.decil_t0_1  if ingreso_t0_1 > 10 & anio != 2018, save(${results}/g_real_unbalanced.doc) 
> nest replace

      Source |       SS           df       MS      Number of obs   =  10818246
-------------+----------------------------------   F(39, 10818206) =   4576.18
       Model |   321900699        39  8253864.08   Prob > F        =    0.0000
    Residual |  1.9512e+10  10818206  1803.65814   R-squared       =    0.0162
-------------+----------------------------------   Adj R-squared   =    0.0162
       Total |  1.9834e+10  10818245  1833.40699   Root MSE        =    42.469

---------------------------------------------------------------------------------
       g_real_1 | Coefficient  Std. err.      t    P>|t|     [95% conf. interval]
----------------+----------------------------------------------------------------
           anio |
          2019  |   .5084299   .1291654     3.94   0.000     .2552703    .7615895
          2021  |   .7914723   .1352129     5.85   0.000     .5264599    1.056485
          2022  |   1.199583   .1296486     9.25   0.000     .9454762    1.453689
                |
     decil_t0_1 |
             1  |   12.81654   .1453811    88.16   0.000     12.53159    13.10148
             3  |   -.663234   .1272278    -5.21   0.000    -.9125959   -.4138721
             4  |  -.9195605   .1223198    -7.52   0.000    -1.159303   -.6798182
             5  |  -.9202035   .1214348    -7.58   0.000    -1.158211   -.6821957
             6  |  -.9232031   .1210984    -7.62   0.000    -1.160552   -.6858546
             7  |  -.9180479   .1210312    -7.59   0.000    -1.155265   -.6808311
             8  |  -.9057816   .1211324    -7.48   0.000    -1.143197   -.6683664
             9  |  -.9005544   .1207409    -7.46   0.000    -1.137202   -.6639066
            10  |  -.9872309   .1205144    -8.19   0.000    -1.223435   -.7510269
                |
anio#decil_t0_1 |
       2019  1  |   14.64956   .2036863    71.92   0.000     14.25034    15.04878
       2019  3  |  -.3254964    .176183    -1.85   0.065    -.6708088     .019816
       2019  4  |  -.3890214   .1701759    -2.29   0.022      -.72256   -.0554827
       2019  5  |   -.399748   .1689562    -2.37   0.018     -.730896   -.0685999
       2019  6  |  -.4108479   .1683881    -2.44   0.015    -.7408826   -.0808131
       2019  7  |  -.4259753     .16826    -2.53   0.011    -.7557589   -.0961916
       2019  8  |  -.4417491   .1683532    -2.62   0.009    -.7717153   -.1117829
       2019  9  |  -.4881349   .1678613    -2.91   0.004    -.8171371   -.1591327
       2019 10  |  -.4954199   .1675347    -2.96   0.003    -.8237819   -.1670579
       2021  1  |   10.27056   .2084291    49.28   0.000      9.86205    10.67908
       2021  3  |  -.4615061    .183651    -2.51   0.012    -.8214555   -.1015566
       2021  4  |  -.5834077   .1765142    -3.31   0.001    -.9293693   -.2374462
       2021  5  |  -.6338812    .175003    -3.62   0.000    -.9768809   -.2908816
       2021  6  |    -.64492   .1743661    -3.70   0.000    -.9866713   -.3031688
       2021  7  |  -.6411916   .1742564    -3.68   0.000     -.982728   -.2996553
       2021  8  |  -.6521489   .1742236    -3.74   0.000    -.9936209   -.3106768
       2021  9  |  -.6639508   .1736875    -3.82   0.000    -1.004372   -.3235296
       2021 10  |  -.6223819   .1735156    -3.59   0.000    -.9624663   -.2822975
       2022  1  |   11.11328   .2011805    55.24   0.000     10.71897    11.50758
       2022  3  |  -.8392643   .1775116    -4.73   0.000    -1.187181   -.4913479
       2022  4  |  -.9697501   .1718181    -5.64   0.000    -1.306507   -.6329928
       2022  5  |  -.9950487   .1703313    -5.84   0.000    -1.328892   -.6612055
       2022  6  |   -1.01161   .1698944    -5.95   0.000    -1.344597   -.6786233
       2022  7  |  -1.057553   .1696382    -6.23   0.000    -1.390038   -.7250683
       2022  8  |  -1.053754   .1696826    -6.21   0.000    -1.386326   -.7211819
       2022  9  |  -1.101431   .1691986    -6.51   0.000    -1.433054   -.7698078
       2022 10  |  -1.097528   .1691134    -6.49   0.000    -1.428984   -.7660719
                |
          _cons |   .8670618   .0935134     9.27   0.000     .6837789    1.050345
---------------------------------------------------------------------------------
Click to Open File:  D:/DTO_ESTUDIOS_E1/B_INVESTIGADORES_EXTERNOS/2025.12.01_Santiago_Valdivieso//Proyectos/Impacto shocks/res
> ultados/g_real_unbalanced.doc


# t0 is average of last three years

. 
. asdoc reg g_real_2 ib2020.anio##ib2.decil_t0_2  if ingreso_t0_2 > 10 & anio != 2018, save(${results}/g_real_unbalanced.doc) 
> nest append

      Source |       SS           df       MS      Number of obs   = 8,585,559
-------------+----------------------------------   F(39, 8585519)  =    575.32
       Model |  1505989.44        39  38615.1139   Prob > F        =    0.0000
    Residual |   576258543 8,585,519  67.1198262   R-squared       =    0.0026
-------------+----------------------------------   Adj R-squared   =    0.0026
       Total |   577764532 8,585,558  67.2949309   Root MSE        =    8.1927

---------------------------------------------------------------------------------
       g_real_2 | Coefficient  Std. err.      t    P>|t|     [95% conf. interval]
----------------+----------------------------------------------------------------
           anio |
          2019  |   .1454403   .0248896     5.84   0.000     .0966576    .1942229
          2021  |   .0922478   .0250882     3.68   0.000     .0430758    .1414197
          2022  |   .2223172   .0250634     8.87   0.000     .1731937    .2714407
                |
     decil_t0_2 |
             1  |   .7314302   .0249813    29.28   0.000     .6824677    .7803928
             3  |  -.0465583   .0249771    -1.86   0.062    -.0955125     .002396
             4  |  -.0481657   .0249771    -1.93   0.054    -.0971199    .0007886
             5  |  -.0440005   .0249772    -1.76   0.078    -.0929548    .0049538
             6  |  -.0522692   .0249771    -2.09   0.036    -.1012235   -.0033149
             7  |  -.0406361   .0249771    -1.63   0.104    -.0895903    .0083182
             8  |  -.0487025   .0249771    -1.95   0.051    -.0976568    .0002517
             9  |  -.1042648   .0249771    -4.17   0.000    -.1532191   -.0553105
            10  |  -.1870406   .0249772    -7.49   0.000    -.2359949   -.1380862
                |
anio#decil_t0_2 |
       2019  1  |    1.20928   .0351594    34.39   0.000     1.140369    1.278191
       2019  3  |  -.0162402   .0351659    -0.46   0.644    -.0851642    .0526837
       2019  4  |  -.0179273   .0351659    -0.51   0.610    -.0868513    .0509967
       2019  5  |   -.029723    .035166    -0.85   0.398     -.098647    .0392011
       2019  6  |  -.0521861   .0351632    -1.48   0.138    -.1211047    .0167325
       2019  7  |  -.0597617   .0351686    -1.70   0.089     -.128691    .0091676
       2019  8  |  -.0758229   .0351659    -2.16   0.031    -.1447469   -.0068989
       2019  9  |  -.0813695   .0351659    -2.31   0.021    -.1502934   -.0124455
       2019 10  |  -.0733229    .035166    -2.09   0.037    -.1422469   -.0043989
       2021  1  |   .1426219   .0354872     4.02   0.000     .0730683    .2121755
       2021  3  |   .0009693     .03548     0.03   0.978    -.0685702    .0705089
       2021  4  |   -.005023     .03548    -0.14   0.887    -.0745625    .0645165
       2021  5  |  -.0126284   .0354799    -0.36   0.722    -.0821677     .056911
       2021  6  |  -.0080293   .0354801    -0.23   0.821     -.077569    .0615104
       2021  7  |   .0018837   .0354636     0.05   0.958    -.0676237     .071391
       2021  8  |  -.0062057   .0354965    -0.17   0.861    -.0757776    .0633662
       2021  9  |   .0202539     .03548     0.57   0.568    -.0492857    .0897934
       2021 10  |   .0402111     .03548     1.13   0.257    -.0293285    .1097507
       2022  1  |   .3813895   .0354523    10.76   0.000     .3119044    .4508747
       2022  3  |  -.0280917    .035445    -0.79   0.428    -.0975627    .0413792
       2022  4  |  -.0519172    .035445    -1.46   0.143    -.1213881    .0175537
       2022  5  |  -.0566557    .035445    -1.60   0.110    -.1261267    .0128152
       2022  6  |  -.0967403    .035445    -2.73   0.006    -.1662112   -.0272694
       2022  7  |  -.0761504    .035445    -2.15   0.032    -.1456213   -.0066795
       2022  8  |  -.0974671    .035445    -2.75   0.006    -.1669381   -.0279962
       2022  9  |  -.0689052    .035445    -1.94   0.052    -.1383761    .0005657
       2022 10  |  -.0305719    .035445    -0.86   0.388    -.1000429    .0388991
                |
          _cons |    .029642   .0176616     1.68   0.093    -.0049741     .064258
---------------------------------------------------------------------------------
Click to Open File:  D:/DTO_ESTUDIOS_E1/B_INVESTIGADORES_EXTERNOS/2025.12.01_Santiago_Valdivieso//Proyectos/Impacto shocks/res
> ultados/g_real_unbalanced.doc


