   sort anio decil_t0_1

.         export excel using "$results/g_imputations_by_decil.xlsx", firstrow(var) replace
file D:/DTO_ESTUDIOS_E1/B_INVESTIGADORES_EXTERNOS/2025.12.01_Santiago_Valdivieso//Proyectos/Impacto shocks/resultados/g_imputa
> tions_by_decil.xlsx saved

.         
.         list 

     +-------------------------------------------------------------------------------------+
     | anio   decil_~1   decil_~2        n        g1_1        g1_2        g2_1        g2_2 |
     |-------------------------------------------------------------------------------------|
 11. | 2019          1          1   160159    13.14895    12.66615    1.330738    .6682974 |
 12. | 2019          2          2    56819    .8375386    .5363719    .2600912   -.0631579 |
 13. | 2019          3          3    46143    .2688127    .0664332    .1050589   -.0547662 |
 14. | 2019          4          4    40709    .0528301   -.0420032    .0986435   -.0106817 |
 15. | 2019          5          5    54177    .0535483   -.0154567    .0960939    .0145796 |
     |-------------------------------------------------------------------------------------|
 16. | 2019          6          6    69549    .0361214   -.0181307    .0893326    .0088932 |
 17. | 2019          7          7   111962    .0300655   -.0199288    .0560761   -.0047934 |
 18. | 2019          8          8   111566    .0252615   -.0236004    .0599257    .0006425 |
 19. | 2019          9          9   149037   -.0116336   -.0498526    .0018703    -.054097 |
 20. | 2019         10         10   237128   -.1023905   -.1318535    -.075926   -.1161187 |
     |-------------------------------------------------------------------------------------|
 21. | 2020          1          1   158610    6.447083    5.908647    .4359755   -.2836547 |
 22. | 2020          2          2    63298    .5460864    .1658997    .1184559   -.2793822 |
 23. | 2020          3          3    47652    .1498991   -.1207093    .0053591   -.2068336 |
 24. | 2020          4          4    47368   -.0456216   -.1724877    -.014569   -.1624669 |
 25. | 2020          5          5    62025   -.0481841    -.143251   -.0169115   -.1399097 |
     |-------------------------------------------------------------------------------------|
 26. | 2020          6          6    84870   -.0515785   -.1342352   -.0099728   -.1318426 |
 27. | 2020          7          7   126984   -.0469556   -.1270165   -.0207288   -.1102213 |
 28. | 2020          8          8   130631   -.0354836   -.1196532   -.0097928   -.1090394 |
 29. | 2020          9          9   175533   -.0319714   -.1001227   -.0532331   -.1497229 |
 30. | 2020         10         10   230403   -.1169035   -.1763323   -.1395102   -.2095004 |
     |-------------------------------------------------------------------------------------|
 31. | 2021          1          1   150514    11.11734    10.61778    .6085429   -.0803784 |
 32. | 2021          2          2    87862    .8546147    .4859483    .1998833   -.1846479 |
 33. | 2021          3          3    62888    .3224215    .0818353    .0763679   -.1339214 |
 34. | 2021          4          4    64963    .1111204    .0093333    .0679314   -.0752876 |
 35. | 2021          5          5    81255    .0916634    .0141185    .0577044   -.0525882 |
     |-------------------------------------------------------------------------------------|
 36. | 2021          6          6    99740    .0889665    .0238283    .0616845   -.0377478 |
 37. | 2021          7          7   139955    .0908818    .0436007    .0658499     .003848 |
 38. | 2021          8          8   135057    .0997585    .0527834    .0665563    .0009373 |
 39. | 2021          9          9   165965    .0874965     .051636    .0425273   -.0194429 |
 40. | 2021         10         10   207346     .043089    .0086069   -.0186563   -.0662453 |
     |-------------------------------------------------------------------------------------|
 41. | 2022          1          1   132407    13.73777    13.29743    .8395159    .1932071 |
 42. | 2022          2          2    60634    1.404817    1.127774    .3815798    .0654285 |
 43. | 2022          3          3    46097    .4369854    .2346469    .1758065   -.0141599 |
 44. | 2022          4          4    57282    .1571539    .0471421    .1550982    .0396938 |
 45. | 2022          5          5    70512    .1433291     .075521    .1388934    .0484723 |
     |-------------------------------------------------------------------------------------|
 46. | 2022          6          6    85855    .1242041    .0654942    .1335452     .051324 |
 47. | 2022          7          7   137710    .0881283    .0412145    .1037888    .0473526 |
 48. | 2022          8          8   126518    .1031515    .0567761    .1072441    .0508922 |
 49. | 2022          9          9   161800    .0641781    .0297213    .0806021    .0251359 |
 50. | 2022         10         10   218260   -.0162014   -.0546228      .03498   -.0133842 |
     +-------------------------------------------------------------------------------------+

. 
. restore

. 
. 
end of do-file

. do "C:\Users\ALUMNO~1\AppData\Local\Temp\STD2b48_000000.tmp"

. asdoc reg g_real_1_imp1 ib2020.anio##ib2.decil_t0_1  if ingreso_t0_1 > 10 & anio != 2018, vce(cluster id_bal) save(${results
> }/g_real_unbalanced_imputations.doc) nest replace

Linear regression                               Number of obs     =   12739222
                                                F(39, 4374508)    =    3291.43
                                                Prob > F          =     0.0000
                                                R-squared         =     0.0074
                                                Root MSE          =     39.315

                            (Std. err. adjusted for 4,374,509 clusters in id_bal)
---------------------------------------------------------------------------------
                |               Robust
  g_real_1_imp1 | Coefficient  std. err.      t    P>|t|     [95% conf. interval]
----------------+----------------------------------------------------------------
           anio |
          2019  |   .2914522   .0066817    43.62   0.000     .2783562    .3045482
          2021  |   .3085284   .0082195    37.54   0.000     .2924184    .3246383
          2022  |   .8587307   .1422586     6.04   0.000     .5799088    1.137552
                |
     decil_t0_1 |
             1  |   5.900996    .154171    38.28   0.000     5.598826    6.203166
             3  |  -.3961872   .0060723   -65.24   0.000    -.4080888   -.3842857
             4  |  -.5917079   .0053093  -111.45   0.000     -.602114   -.5813018
             5  |  -.5942704    .005524  -107.58   0.000    -.6050974   -.5834435
             6  |  -.5976649   .0051191  -116.75   0.000    -.6076981   -.5876317
             7  |  -.5930419   .0050991  -116.30   0.000    -.6030361   -.5830478
             8  |    -.58157   .0051286  -113.40   0.000    -.5916219    -.571518
             9  |  -.5780577   .0051985  -111.20   0.000    -.5882467   -.5678688
            10  |  -.6629898   .0052603  -126.04   0.000    -.6732998   -.6526799
                |
anio#decil_t0_1 |
       2019  1  |   6.410416   .2638913    24.29   0.000     5.893198    6.927633
       2019  3  |  -.1725386   .0080986   -21.30   0.000    -.1884116   -.1566656
       2019  4  |  -.1930005   .0071231   -27.10   0.000    -.2069615   -.1790395
       2019  5  |  -.1897198   .0072252   -26.26   0.000     -.203881   -.1755586
       2019  6  |  -.2037523   .0071571   -28.47   0.000      -.21778   -.1897246
       2019  7  |  -.2144312   .0069559   -30.83   0.000    -.2280645   -.2007978
       2019  8  |  -.2307071   .0069134   -33.37   0.000    -.2442572   -.2171571
       2019  9  |  -.2711144   .0069374   -39.08   0.000    -.2847115   -.2575172
       2019 10  |  -.2769392   .0081583   -33.95   0.000    -.2929291   -.2609493
       2021  1  |   4.361731   .2728589    15.99   0.000     3.826937    4.896525
       2021  3  |   -.136006   .0096279   -14.13   0.000    -.1548764   -.1171356
       2021  4  |  -.1517865   .0088062   -17.24   0.000    -.1690463   -.1345266
       2021  5  |  -.1686808   .0088476   -19.07   0.000    -.1860219   -.1513398
       2021  6  |  -.1679834   .0085278   -19.70   0.000    -.1846975   -.1512692
       2021  7  |   -.170691   .0085001   -20.08   0.000    -.1873509   -.1540311
       2021  8  |  -.1732863   .0086246   -20.09   0.000    -.1901902   -.1563824
       2021  9  |  -.1890605   .0086566   -21.84   0.000    -.2060272   -.1720938
       2021 10  |  -.1485359    .010462   -14.20   0.000     -.169041   -.1280308
       2022  1  |   6.431954   .3208699    20.05   0.000     5.803061    7.060848
       2022  3  |  -.5716444   .1424017    -4.01   0.000    -.8507468    -.292542
       2022  4  |  -.6559552   .1422931    -4.61   0.000    -.9348447   -.3770656
       2022  5  |  -.6672175   .1423607    -4.69   0.000    -.9462394   -.3881956
       2022  6  |   -.682948   .1422797    -4.80   0.000    -.9618111    -.404085
       2022  7  |  -.7236468   .1422692    -5.09   0.000    -1.002489   -.4448041
       2022  8  |  -.7200956   .1423651    -5.06   0.000    -.9991261    -.441065
       2022  9  |  -.7625811   .1422724    -5.36   0.000     -1.04143   -.4837322
       2022 10  |  -.7580285   .1422831    -5.33   0.000    -1.036898   -.4791587
                |
          _cons |   .5460864   .0049858   109.53   0.000     .5363143    .5558584
---------------------------------------------------------------------------------
Click to Open File:  D:/DTO_ESTUDIOS_E1/B_INVESTIGADORES_EXTERNOS/2025.12.01_Santiago_Valdivieso//Proyectos/Impacto shocks/res
> ultados/g_real_unbalanced_imputations.doc

. 
. asdoc reg g_real_1_imp2 ib2020.anio##ib2.decil_t0_1  if ingreso_t0_1 > 10 & anio != 2018, vce(cluster id_bal) save(${results
> }/g_real_unbalanced_imputations.doc) nest replace

Linear regression                               Number of obs     =   12739222
                                                F(39, 4374508)    =    2147.78
                                                Prob > F          =     0.0000
                                                R-squared         =     0.0070
                                                Root MSE          =     39.331

                            (Std. err. adjusted for 4,374,509 clusters in id_bal)
---------------------------------------------------------------------------------
                |               Robust
  g_real_1_imp2 | Coefficient  std. err.      t    P>|t|     [95% conf. interval]
----------------+----------------------------------------------------------------
           anio |
          2019  |   .3704722   .0069904    53.00   0.000     .3567712    .3841732
          2021  |   .3200486   .0084927    37.69   0.000     .3034032    .3366941
          2022  |   .9618741   .1422771     6.76   0.000      .683016    1.240732
                |
     decil_t0_1 |
             1  |   5.742747    .154253    37.23   0.000     5.440417    6.045077
             3  |  -.2866089   .0062964   -45.52   0.000    -.2989497   -.2742682
             4  |  -.3383874   .0055162   -61.34   0.000     -.349199   -.3275758
             5  |  -.3091506   .0057167   -54.08   0.000    -.3203552   -.2979461
             6  |  -.3001349   .0053237   -56.38   0.000    -.3105692   -.2897006
             7  |  -.2929162   .0053041   -55.22   0.000     -.303312   -.2825204
             8  |  -.2855529   .0053336   -53.54   0.000    -.2960065   -.2750993
             9  |  -.2660223   .0053975   -49.29   0.000    -.2766013   -.2554434
            10  |  -.3422319   .0054534   -62.76   0.000    -.3529205   -.3315434
                |
anio#decil_t0_1 |
       2019  1  |   6.387034   .2640182    24.19   0.000     5.869568      6.9045
       2019  3  |  -.1833297   .0084554   -21.68   0.000     -.199902   -.1667574
       2019  4  |  -.2399877   .0074562   -32.19   0.000    -.2546015   -.2253739
       2019  5  |   -.242678   .0075429   -32.17   0.000    -.2574618   -.2278942
       2019  6  |  -.2543677    .007471   -34.05   0.000    -.2690105   -.2397249
       2019  7  |  -.2633845    .007275   -36.20   0.000    -.2776432   -.2491259
       2019  8  |  -.2744194   .0072345   -37.93   0.000    -.2885988   -.2602399
       2019  9  |  -.3202021   .0072514   -44.16   0.000    -.3344146   -.3059897
       2019 10  |  -.3259935   .0084175   -38.73   0.000    -.3424915   -.3094954
       2021  1  |   4.389085   .2729748    16.08   0.000     3.854064    4.924106
       2021  3  |  -.1175041   .0099596   -11.80   0.000    -.1370245   -.0979837
       2021  4  |  -.1382276   .0091015   -15.19   0.000    -.1560661   -.1203891
       2021  5  |  -.1626791   .0091313   -17.82   0.000    -.1805761   -.1447822
       2021  6  |  -.1619851   .0088173   -18.37   0.000    -.1792668   -.1447035
       2021  7  |  -.1494315   .0087851   -17.01   0.000      -.16665    -.132213
       2021  8  |   -.147612   .0089063   -16.57   0.000    -.1650679    -.130156
       2021  9  |  -.1682899   .0089332   -18.84   0.000    -.1857987   -.1507812
       2021 10  |  -.1351095    .010687   -12.64   0.000    -.1560557   -.1141633
       2022  1  |   6.426906   .3209769    20.02   0.000     5.797803    7.056009
       2022  3  |  -.6065179   .1424269    -4.26   0.000    -.8856696   -.3273663
       2022  4  |  -.7422443   .1423141    -5.22   0.000    -1.021175   -.4633137
       2022  5  |  -.7431022   .1423808    -5.22   0.000    -1.022164   -.4640408
       2022  6  |  -.7621446   .1422996    -5.36   0.000    -1.041047   -.4832424
       2022  7  |  -.7936431    .142289    -5.58   0.000    -1.072525   -.5147616
       2022  8  |  -.7854448   .1423848    -5.52   0.000    -1.064514   -.5063756
       2022  9  |  -.8320302   .1422918    -5.85   0.000    -1.110917   -.5531432
       2022 10  |  -.8401646   .1423021    -5.90   0.000    -1.119072   -.5612576
                |
          _cons |   .1658997   .0051763    32.05   0.000     .1557544     .176045
---------------------------------------------------------------------------------
Click to Open File:  D:/DTO_ESTUDIOS_E1/B_INVESTIGADORES_EXTERNOS/2025.12.01_Santiago_Valdivieso//Proyectos/Impacto shocks/res
> ultados/g_real_unbalanced_imputations.doc

. 
. asdoc reg g_real_2_imp1 ib2020.anio##ib2.decil_t0_2  if ingreso_t0_2 > 10 & anio != 2018, vce(cluster id_bal) save(${results
> }/g_real_unbalanced_imputations.doc) nest replace

Linear regression                               Number of obs     =   10554197
                                                F(39, 4000144)    =    1687.72
                                                Prob > F          =     0.0000
                                                R-squared         =     0.0014
                                                Root MSE          =     7.3942

                            (Std. err. adjusted for 4,000,145 clusters in id_bal)
---------------------------------------------------------------------------------
                |               Robust
  g_real_2_imp1 | Coefficient  std. err.      t    P>|t|     [95% conf. interval]
----------------+----------------------------------------------------------------
           anio |
          2019  |   .1416352   .0029209    48.49   0.000     .1359104    .1473601
          2021  |   .0814274   .0032798    24.83   0.000     .0749991    .0878556
          2022  |   .2631239   .0454571     5.79   0.000     .1740296    .3522183
                |
     decil_t0_2 |
             1  |   .3175196    .024335    13.05   0.000     .2698239    .3652152
             3  |  -.1130968   .0040926   -27.63   0.000    -.1211183   -.1050754
             4  |  -.1330249   .0031592   -42.11   0.000    -.1392168    -.126833
             5  |  -.1353675    .002352   -57.55   0.000    -.1399772   -.1307577
             6  |  -.1284287   .0025509   -50.35   0.000    -.1334284   -.1234291
             7  |  -.1391847    .002376   -58.58   0.000    -.1438415   -.1345279
             8  |  -.1282487   .0023527   -54.51   0.000    -.1328599   -.1236375
             9  |   -.171689   .0032725   -52.46   0.000    -.1781031    -.165275
            10  |  -.2579661   .0024197  -106.61   0.000    -.2627085   -.2532236
                |
anio#decil_t0_2 |
       2019  1  |   .7531276   .0578066    13.03   0.000     .6398288    .8664265
       2019  3  |  -.0419354   .0048595    -8.63   0.000    -.0514598    -.032411
       2019  4  |  -.0284228   .0040658    -6.99   0.000    -.0363916   -.0204539
       2019  5  |  -.0286298   .0034462    -8.31   0.000    -.0353842   -.0218754
       2019  6  |  -.0423298   .0044519    -9.51   0.000    -.0510555   -.0336042
       2019  7  |  -.0648304   .0033411   -19.40   0.000    -.0713788   -.0582819
       2019  8  |  -.0719168   .0033579   -21.42   0.000    -.0784982   -.0653354
       2019  9  |  -.0865318   .0041623   -20.79   0.000    -.0946898   -.0783738
       2019 10  |  -.0780511   .0047516   -16.43   0.000     -.087364   -.0687381
       2021  1  |     .09114   .0363459     2.51   0.012     .0199034    .1623766
       2021  3  |  -.0104186    .005367    -1.94   0.052    -.0209377    .0001006
       2021  4  |    .001073   .0047542     0.23   0.821    -.0082451     .010391
       2021  5  |  -.0068114   .0038532    -1.77   0.077    -.0143636    .0007407
       2021  6  |    -.00977   .0039467    -2.48   0.013    -.0175054   -.0020347
       2021  7  |   .0051513    .004007     1.29   0.199    -.0027022    .0130048
       2021  8  |  -.0050783   .0039862    -1.27   0.203    -.0128912    .0027346
       2021  9  |    .014333   .0046981     3.05   0.002     .0051248    .0235412
       2021 10  |   .0394265   .0078301     5.04   0.000     .0240798    .0547732
       2022  1  |   .1404165   .0598487     2.35   0.019     .0231152    .2577177
       2022  3  |  -.0926765   .0456611    -2.03   0.042    -.1821706   -.0031824
       2022  4  |  -.0934567   .0457651    -2.04   0.041    -.1831548   -.0037587
       2022  5  |  -.1073189   .0455593    -2.36   0.018    -.1966136   -.0180243
       2022  6  |  -.1196059   .0455236    -2.63   0.009    -.2088305   -.0303813
       2022  7  |  -.1386063   .0454998    -3.05   0.002    -.2277843   -.0494284
       2022  8  |  -.1460871   .0455143    -3.21   0.001    -.2352936   -.0568806
       2022  9  |  -.1292887   .0455581    -2.84   0.005    -.2185808   -.0399965
       2022 10  |  -.0886338   .0456582    -1.94   0.052    -.1781223    .0008548
                |
          _cons |   .1184559   .0020365    58.17   0.000     .1144645    .1224474
---------------------------------------------------------------------------------
Click to Open File:  D:/DTO_ESTUDIOS_E1/B_INVESTIGADORES_EXTERNOS/2025.12.01_Santiago_Valdivieso//Proyectos/Impacto shocks/res
> ultados/g_real_unbalanced_imputations.doc

. 
. asdoc reg g_real_2_imp2 ib2020.anio##ib2.decil_t0_2  if ingreso_t0_2 > 10 & anio != 2018, vce(cluster id_bal) save(${results
> }/g_real_unbalanced_imputations.doc) nest replace

Linear regression                               Number of obs     =   10554197
                                                F(39, 4000144)    =    1677.58
                                                Prob > F          =     0.0000
                                                R-squared         =     0.0005
                                                Root MSE          =     7.4115

                            (Std. err. adjusted for 4,000,145 clusters in id_bal)
---------------------------------------------------------------------------------
                |               Robust
  g_real_2_imp2 | Coefficient  std. err.      t    P>|t|     [95% conf. interval]
----------------+----------------------------------------------------------------
           anio |
          2019  |   .2162243   .0033102    65.32   0.000     .2097363    .2227123
          2021  |   .0947343   .0036273    26.12   0.000      .087625    .1018437
          2022  |   .3448107   .0454901     7.58   0.000     .2556518    .4339696
                |
     decil_t0_2 |
             1  |  -.0042725   .0244145    -0.17   0.861     -.052124     .043579
             3  |   .0725487   .0043093    16.84   0.000     .0641026    .0809948
             4  |   .1169154   .0034098    34.29   0.000     .1102323    .1235984
             5  |   .1394725   .0026676    52.28   0.000     .1342442    .1447008
             6  |   .1475396   .0028429    51.90   0.000     .1419676    .1531117
             7  |   .1691609   .0026682    63.40   0.000     .1639312    .1743906
             8  |   .1703428   .0026552    64.16   0.000     .1651388    .1755468
             9  |   .1296593   .0034904    37.15   0.000     .1228182    .1365003
            10  |   .0698819   .0026861    26.02   0.000     .0646171    .0751466
                |
anio#decil_t0_2 |
       2019  1  |   .7357279   .0578975    12.71   0.000     .6222509    .8492049
       2019  3  |   -.064157   .0052375   -12.25   0.000    -.0744223   -.0538916
       2019  4  |  -.0644391   .0044652   -14.43   0.000    -.0731908   -.0556875
       2019  5  |   -.061735   .0038775   -15.92   0.000    -.0693347   -.0541352
       2019  6  |  -.0754885   .0047917   -15.75   0.000      -.08488    -.066097
       2019  7  |  -.1107964   .0037551   -29.51   0.000    -.1181562   -.1034366
       2019  8  |  -.1065423   .0037717   -28.25   0.000    -.1139347     -.09915
       2019  9  |  -.1205984   .0044909   -26.85   0.000    -.1294004   -.1117963
       2019 10  |  -.1228426   .0050184   -24.48   0.000    -.1326786   -.1130066
       2021  1  |    .108542   .0364572     2.98   0.003     .0370873    .1799967
       2021  3  |  -.0218222   .0057225    -3.81   0.000    -.0330382   -.0106062
       2021  4  |   -.007555   .0051067    -1.48   0.139     -.017564    .0024539
       2021  5  |  -.0074128   .0042523    -1.74   0.081    -.0157472    .0009216
       2021  6  |  -.0006396   .0043282    -0.15   0.883    -.0091226    .0078434
       2021  7  |    .019335   .0043555     4.44   0.000     .0107984    .0278716
       2021  8  |   .0152424   .0043413     3.51   0.000     .0067336    .0237512
       2021  9  |   .0355457   .0049942     7.12   0.000     .0257573    .0453341
       2021 10  |   .0485207   .0079985     6.07   0.000     .0328439    .0641975
       2022  1  |   .1320511   .0599363     2.20   0.028      .014578    .2495242
       2022  3  |  -.1521371   .0457111    -3.33   0.001    -.2417292    -.062545
       2022  4  |  -.1426501   .0458092    -3.11   0.002    -.2324345   -.0528657
       2022  5  |  -.1564287   .0456017    -3.43   0.001    -.2458064    -.067051
       2022  6  |  -.1616441   .0455653    -3.55   0.000    -.2509504   -.0723378
       2022  7  |  -.1872368   .0455385    -4.11   0.000    -.2764906   -.0979829
       2022  8  |  -.1848791   .0455535    -4.06   0.000    -.2741623   -.0955959
       2022  9  |  -.1699518   .0455966    -3.73   0.000    -.2593195   -.0805842
       2022 10  |  -.1486945   .0456947    -3.25   0.001    -.2382546   -.0591345
                |
          _cons |  -.2793822   .0023104  -120.93   0.000    -.2839104    -.274854
---------------------------------------------------------------------------------
Click to Open File:  D:/DTO_ESTUDIOS_E1/B_INVESTIGADORES_EXTERNOS/2025.12.01_Santiago_Valdivieso//Proyectos/Impacto shocks/res
> ultados/g_real_unbalanced_imputations.doc

